49.985755223707535
49.60132360184918
49.467651414527744
49.08375211555403
48.95061095383283
48.56724192386209
48.4361877479958
48.04534324135912
47.89751912776571
47.73858392199242
47.322154685622166
47.150136186022564
46.97461226414616
46.797383352477496
46.61858335387506
46.1941967470188
46.02048765325737
45.84983256439064
45.68284234484585
45.51982112495514
45.10960051719185
44.95518263710299
44.80509901751579
44.66082111037627
44.39272006608724
44.256641396013485
44.12286394764674
43.99271802582538
43.86589901571901
43.617258682877015
43.49648239399338
43.37836082429913
43.26265040119959
43.14916661244332
43.16100186005659
43.05144243677556
42.94536821454083
42.83902602775342
42.73242435216014
42.7536972779682
42.65271134145632
42.674478601787136
42.573803573017386
42.6006358917569
42.501554811803885
42.52823063015293
42.555638837941444
42.45878403568027
42.48756459739259
42.517016515030605
42.421901475178466
42.45229939735366
42.482940564205805
42.513917113853495
42.543183763960855
42.57647994662905
42.60791423867446
42.63944007920348
42.670904592720284
42.70236940100139
42.731937766138955
42.763096800794585
42.79398083077624
42.824742907537406
42.85516917717095
42.8853818253078
42.91519786405159
42.94476964770588
42.97394470572593
43.00287574118432
43.03134890001862
43.05960843736206
43.08747113275752
43.24005838286455
43.26724981253507
43.29419710335274
43.4456858486857
43.47193124006995
43.622717974577675
43.64794023577948
43.797903154593655
43.82263847072303
43.971333757020794
43.994801496755976
44.142797494295706
44.16501459286562
44.3131089205663
44.458947166153216
44.478997479477336
44.623340465346054
44.76517126310497
44.907901445688736
44.92468633774625
45.06567703370517
45.20566065998647
45.34478980331648
45.48294239409368
45.62014894956969
45.75637895225437
45.89160177331371
46.02578711818491
46.15893487516126
46.29092286401488
46.4218427478473
46.551572567122385
46.680203763279636
46.682645593401965
46.810524104473274
46.93401813688265
47.05798007067685
47.180751938256705
47.302455699530086
47.42454920863056
47.54408352391915
47.6609758905212
47.9033458375368
48.01970939041518
48.13503546072247
48.249262582579384
48.362421489642934
48.47448177226518
48.71044266208687
48.82030569796401
48.929070002604604
49.16320921171842
49.26974322398113
49.375118404051044
49.604298928200976
49.70559757350705
49.80909916722512
49.67662141223233
49.54251198475156
49.15922495585407
49.02566510531865
48.64289775568952
48.504703109590885
48.127609330544566
47.98690991529533
47.83406609743223
47.66465709139873
47.245028089487676
47.05987085200012
46.864888397612184
46.66053846466376
46.19822696902696
45.981275718492064
45.76548425260288
45.55640601720228
45.35846543477032
45.17049198745061
44.75056556476508
44.594905149661315
44.45023043575366
44.187856998185566
44.05551076070938
43.92545324451586
43.79496855997621
43.53702038436955
43.403819195475215
43.25853545161302
43.11489168163767
42.961442086351695
42.797873198127824
42.76045357738119
42.586614494955754
42.42108970367704
42.258303970045
42.23148324670101
42.08890750843869
41.96068172171796
41.96397738617474
41.85016576738303
41.8591975201304
41.73852961019616
41.74460217253932
41.62553114918434
41.63605848873125
41.6387137921054
41.64387785859048
41.525837999550575
41.53602956401567
41.543536344380236
41.55201961673606
41.56004515879997
41.56907770831134
41.5736550139154
41.57597914103736
41.56838150080509
41.5545287764051
41.53078092095073
41.50891243687778
41.479742398239885
41.44704676787346
41.423733035751
41.40975700353643
41.4045388781479
41.40730553217308
41.4049966084413
41.411424729425164
41.41353009696148
41.409634942122736
41.528920219086935
41.52728102112963
41.511037479585376
41.493460630304526
41.596083812428716
41.57378223297193
41.546778574423584
41.644115014031634
41.630474678184235
41.74443938409609
41.73662814534739
41.85602420152621
41.97645779911363
41.97127063909542
42.08506256495774
42.20292330147157
42.184146163941755
42.287024404222265
42.387028764164576
42.48239454075217
42.57437293197963
42.54239757529591
42.63889030243375
42.73622634991381
42.83694939759181
42.93406388361427
43.035344872821334
43.136656409736034
43.23851725830052
43.340439170051894
43.442879878173144
43.420359398032254
43.52341044242511
43.63015390347076
43.74461784162953
43.86262162795902
43.98111370524161
44.09783591803355
44.21114042037184
44.3199286456967
44.42328512015464
44.520721588254524
44.611719278655606
44.82093471407433
44.89813939066808
44.968294958898355
45.032316885519606
45.09279900191263
45.15480691363587
45.34824603192213
45.42937860548904
45.51208498504314
45.73222456275917
45.82791484390492
45.925405475565235
46.14733036447809
46.24167827861388
46.33221204591718
46.5429389513399
46.623159264889324
46.81898463052578
46.88669928019808
46.94766993867696
47.12670645357168
47.17971250654519
47.357803128323155
47.53633630516743
47.590135822491966
47.76926415589534
47.82371979419428
48.00350431574484
48.058585559529966
48.23899575310463
48.294748376679856
48.469452181499136
48.51101491317006
48.67001833521146
48.69780312461189
48.84723985138989
48.87417020393057
49.03404345617587
49.2039870433245
49.25618466834631
49.436717392470406
49.494026476234495
49.67628344487985
49.85680106679693
49.90925814822538
49.97312712107413
49.83361651236977
49.44389049751266
49.29979769927493
48.91572316749256
48.7720945968761
48.38345838621043
48.2507023296976
47.85777534223285
47.70236846603969
47.53542750606066
47.107624802185356
46.91938582023103
46.721199582472906
46.51358485546097
46.29281983100323
45.83014232876684
45.61548005166328
45.409697451375955
45.21602891683888
45.03289668376247
44.6215378302472
44.59441153815908
44.32243092785819
44.187944906430054
43.924202104878574
43.78892647337565
43.64936706140722
43.50834765343175
43.364821093199396
43.088624972271376
42.93140903437726
42.76784595208651
42.602549494788526
42.427659428339375
42.25924465728211
42.227211459633544
42.07843130400067
41.94319895313968
41.94371766902136
41.825847165971325
41.70853298500557
41.721593570160515
41.60874769263355
41.61802436667903
41.50234060089989
41.515106494061584
41.40007405287806
41.4096244876466
41.41637883530785
41.4264489023528
41.312535104190225
41.32312392839127
41.334750274729544
41.349636784782696
41.35607493463588
41.35631903511074
41.346620744319324
41.334445121276225
41.31604436865086
41.292120340498606
41.26480911186587
41.23832179992834
41.217876526295164
41.20676894542451
41.20772295904083
41.208760384831336
41.21229983759349
41.21320768043595
41.21729673497508
41.222979221537805
41.22145359520395
41.21577826540614
41.201459277801405
41.310826244990416
41.290564058125405
41.26700621619409
41.371514290603336
41.35116241268017
41.33727919949603
41.453562599400165
41.45285954787624
41.56480555648002
41.56542177762413
41.68253387798952
41.804732399048696
41.79466321949963
41.905271673943666
42.00513849443786
41.98133520533269
42.080912467287924
42.176029058511254
42.27160341153479
42.25472405807021
42.348471822776816
42.449497161620336
42.55319409808882
42.656952077387665
42.76707487328074
42.86775369038438
42.972604973319626
43.077486806416914
43.18294846903633
43.288379650647926
43.400982021373025
43.394512724224306
43.51547639581083
43.636012893751655
43.75413870415532
43.868450106711094
43.977879051024466
44.081662641726275
44.17931262346524
44.27037125635341
44.35456389428507
44.43173795393069
44.62749587591327
44.69402002678083
44.760391611671984
44.83149313922629
44.91031514947026
44.99704074152866
45.214465125962136
45.315166917289815
45.415617054073884
45.64196573086004
45.741958361224
45.83886918754633
46.056461043865326
46.14061812486712
46.2224004405328
46.42291976433713
46.4918549805031
46.67888644313202
46.73695806670954
46.795762078611496
46.979681063768815
47.03901913773706
47.22359432172584
47.408551035109205
47.468804646050835
47.654371783620164
47.715251004985376
47.901474340197325
47.95965293709033
48.13421928961933
48.17594982805556
48.33576180532505
48.36580475449024
48.5203833120945
48.55511047330051
48.72377221539242
48.775557821451166
48.95654810215525
49.140391698499144
49.20082863708292
49.38613709655102
49.442679168217836
49.624970739330415
49.80138393503006
49.848210800645944
