49.60712469712691
49.22359793164849
49.08821498551344
48.956858083928466
48.573689326312405
48.439567585720646
48.05199462016112
47.90437536031588
47.74532621956487
47.328260155907024
47.155020011669826
46.97732453249193
46.797034419017876
46.614403324796356
46.18615663086168
46.008367203532686
45.83344663360912
45.662126765092225
45.49471496062608
45.08006146993917
45.0468600893364
44.76854356898499
44.620261189835205
44.3517099797363
44.21276630698289
44.07846129806406
43.94839788326071
43.69899132378614
43.57641095163861
43.45706622236966
43.34089435269501
43.22759134480542
43.11706712614047
43.00928823609669
43.0288840416995
42.92571166036821
42.82418659152324
42.724126629025825
42.75037257957123
42.65266179148002
42.68083055531605
42.58504321285261
42.613313158344866
42.51913824220677
42.552609719512176
42.45999701489479
42.493016927237896
42.52667979167943
42.55875881360227
42.47032112767508
42.505323673746865
42.54060298335689
42.57615512360606
42.61207587604805
42.64814588522743
42.684402616792795
42.72083882192924
42.755597932126086
42.79212766820375
42.830550792177256
42.86540088495426
42.90193136087431
42.93852151506894
42.97492979825518
43.011215025820974
43.04747072239693
43.0835418357656
49.91525830681436
49.52454971222273
49.38697106746616
48.996785413563344
48.85978636456577
48.471799414913285
48.33365363682541
47.946218914979696
47.80053572596734
47.644048711858
47.22875087242346
47.056607768685744
46.87952025245204
46.69962527346633
46.517449446519926
46.089753797071786
45.91260550789301
45.7370079400886
45.568320636098
45.40070740879926
44.989456675895504
44.83336214852301
44.68242508384546
44.53661496340882
44.270718678481394
44.13606648964826
44.003903275968874
43.87396591872934
43.750990646175524
43.50466651471409
43.38638958077773
43.271042252901026
43.15838098816277
43.04831187846366
42.940348424095234
42.95930309599085
42.85515420596985
42.752561676875885
42.77639834669541
42.67682725399193
42.57844542707604
42.6063410466254
42.51049269381528
42.5390349352566
42.44696453286132
42.47931429962689
42.51242696853833
42.42140083012861
42.456099727863375
42.491530406520965
42.40239598739065
42.43895575600032
42.475881718521016
42.513266635538834
42.54929955790191
42.587385801025334
42.625564090965874
42.66419964597422
42.70277429008602
42.7414089792675
42.77955551577178
42.81715286451757
42.85404794553055
42.891916845286374
42.925275393404526
42.95972945949669
42.99308490211915
43.025586350893796
43.057263708948874
43.08820877384193
43.118299476242946
43.14796256768457
43.17689348871672
43.330396526012386
43.35853375143955
43.38642708310578
43.538922808232
43.56638877500274
43.59357984163119
43.74567884721612
43.77271757152112
43.92472478720687
43.95322477598558
44.10501214419374
44.25634240418592
44.2823122527412
44.43287907409221
44.5829576830398
44.60734099322707
44.75464531403417
44.9028680609415
45.05041907798816
45.071780984773774
45.216921497108316
45.36081033451177
45.50491115859113
45.64595756558924
45.785844107432936
45.924387970025265
46.060176559970735
46.19655863768222
46.331933533134745
46.467730207871874
46.6008412285543
46.60767521495823
46.73816132330822
46.86690776482026
46.99238693198157
47.11787390679375
47.24171306291011
47.364057209560414
47.48675224079069
47.60652871066784
47.724810986691125
47.84135357795817
48.080969058491576
48.1938197628552
48.30477793027393
48.413965896029076
48.52156675934098
48.62758131932815
48.85715663632236
48.96097353441367
49.065309228470774
49.294701334638205
49.39967792686923
49.504654796973654
49.735176161636694
49.840671601654655
49.946777387400985
